r = 0.1.

attracting force:
[1.118009, 1.117496, 1.115968, 1.113473, 1.110103, 1.105990, 1.101287, 1.096155, 1.090788, 1.085425, 1.080311, 1.075629, 1.071493, 1.067987, 1.065215, 1.063288, 1.062298, 1.062298, 1.063288, 1.065215, 1.067987, 1.071493, 1.075629, 1.080311, 1.085425, 1.090788, 1.096155, 1.101287, 1.105990, 1.110103, 1.113473, 1.115968, 1.117496, 
1.136619, 1.136665, 1.136721, 1.136294, 1.134070, 1.128305, 1.118358, 1.105331, 1.091126, 1.078139, 1.067959, 1.059726, 1.052054, 1.044653, 1.037869, 1.032477, 1.029459, 1.029459, 1.032477, 1.037869, 1.044653, 1.052054, 1.059726, 1.067959, 1.078139, 1.091126, 1.105331, 1.118358, 1.128305, 1.134070, 1.136294, 1.136721, 1.136665, 
1.154085, 1.151770, 1.145483, 1.137936, 1.133785, 1.134414, 1.131488, 1.116217, 1.092325, 1.071985, 1.060835, 1.049244, 1.028312, 1.001209, 0.979649, 0.968229, 0.963953, 0.963953, 0.968229, 0.979649, 1.001209, 1.028312, 1.049244, 1.060835, 1.071985, 1.092325, 1.116217, 1.131488, 1.134414, 1.133785, 1.137936, 1.145483, 1.151770, 
1.170485, 1.172388, 1.175383, 1.170183, 1.151228, 1.134355, 1.132963, 1.124476, 1.094410, 1.068114, 1.056014, 1.026575, 0.980763, 0.962224, 0.971992, 0.986006, 0.994489, 0.994489, 0.986006, 0.971992, 0.962224, 0.980763, 1.026575, 1.056014, 1.068114, 1.094410, 1.124476, 1.132963, 1.134355, 1.151228, 1.170183, 1.175383, 1.172388, 
1.168733, 1.163935, 1.156585, 1.164130, 1.171368, 1.149381, 1.132059, 1.128619, 1.096582, 1.065599, 1.048353, 0.994441, 0.965393, 0.988284, 1.013353, 1.076841, 1.156192, 1.156192, 1.076841, 1.013353, 0.988284, 0.965393, 0.994441, 1.048353, 1.065599, 1.096582, 1.128619, 1.132059, 1.149381, 1.171368, 1.164130, 1.156585, 1.163935, 
1.193481, 1.198390, 1.192698, 1.164925, 1.164976, 1.163736, 1.135437, 1.129951, 1.098405, 1.063936, 1.037840, 0.973336, 0.979636, 1.008919, 1.206248, 1.666571, 2.080508, 2.080508, 1.666571, 1.206248, 1.008919, 0.979636, 0.973336, 1.037840, 1.063936, 1.098405, 1.129951, 1.135437, 1.163736, 1.164976, 1.164925, 1.192698, 1.198390, 
1.169797, 1.160026, 1.181596, 1.185201, 1.163326, 1.166712, 1.142047, 1.129547, 1.099663, 1.063616, 1.025982, 0.968925, 0.987303, 1.108650, 1.774532, 3.106131, 4.791660, 4.791660, 3.106131, 1.774532, 1.108650, 0.987303, 0.968925, 1.025982, 1.063616, 1.099663, 1.129547, 1.142047, 1.166712, 1.163326, 1.185201, 1.181596, 1.160026, 
1.225890, 1.204274, 1.179555, 1.182658, 1.172190, 1.162932, 1.148510, 1.128451, 1.100266, 1.064626, 1.015428, 0.974677, 0.985308, 1.277790, 2.440831, 5.836392, 12.493676, 12.493676, 5.836392, 2.440831, 1.277790, 0.985308, 0.974677, 1.015428, 1.064626, 1.100266, 1.128451, 1.148510, 1.162932, 1.172190, 1.182658, 1.179555, 1.204274, 
1.136653, 1.181319, 1.188539, 1.176999, 1.177575, 1.160523, 1.151199, 1.127891, 1.100410, 1.065359, 1.010978, 0.978743, 0.983325, 1.364279, 2.790599, 7.941161, 19.441507, 19.441507, 7.941161, 2.790599, 1.364279, 0.983325, 0.978743, 1.010978, 1.065359, 1.100410, 1.127891, 1.151199, 1.160523, 1.177575, 1.176999, 1.188539, 1.181319, 
1.225890, 1.204274, 1.179555, 1.182658, 1.172190, 1.162932, 1.148510, 1.128451, 1.100266, 1.064626, 1.015428, 0.974677, 0.985308, 1.277790, 2.440831, 5.836392, 12.493676, 12.493676, 5.836392, 2.440831, 1.277790, 0.985308, 0.974677, 1.015428, 1.064626, 1.100266, 1.128451, 1.148510, 1.162932, 1.172190, 1.182658, 1.179555, 1.204274, 
1.169797, 1.160026, 1.181596, 1.185201, 1.163326, 1.166712, 1.142047, 1.129547, 1.099663, 1.063616, 1.025982, 0.968925, 0.987303, 1.108650, 1.774532, 3.106131, 4.791660, 4.791660, 3.106131, 1.774532, 1.108650, 0.987303, 0.968925, 1.025982, 1.063616, 1.099663, 1.129547, 1.142047, 1.166712, 1.163326, 1.185201, 1.181596, 1.160026, 
1.193481, 1.198390, 1.192698, 1.164925, 1.164976, 1.163736, 1.135437, 1.129951, 1.098405, 1.063936, 1.037840, 0.973336, 0.979636, 1.008919, 1.206248, 1.666571, 2.080508, 2.080508, 1.666571, 1.206248, 1.008919, 0.979636, 0.973336, 1.037840, 1.063936, 1.098405, 1.129951, 1.135437, 1.163736, 1.164976, 1.164925, 1.192698, 1.198390, 
1.168733, 1.163935, 1.156585, 1.164130, 1.171368, 1.149381, 1.132059, 1.128619, 1.096582, 1.065599, 1.048353, 0.994441, 0.965393, 0.988284, 1.013353, 1.076841, 1.156192, 1.156192, 1.076841, 1.013353, 0.988284, 0.965393, 0.994441, 1.048353, 1.065599, 1.096582, 1.128619, 1.132059, 1.149381, 1.171368, 1.164130, 1.156585, 1.163935, 
1.170485, 1.172388, 1.175383, 1.170183, 1.151228, 1.134355, 1.132963, 1.124476, 1.094410, 1.068114, 1.056014, 1.026575, 0.980763, 0.962224, 0.971992, 0.986006, 0.994489, 0.994489, 0.986006, 0.971992, 0.962224, 0.980763, 1.026575, 1.056014, 1.068114, 1.094410, 1.124476, 1.132963, 1.134355, 1.151228, 1.170183, 1.175383, 1.172388, 
1.154085, 1.151770, 1.145483, 1.137936, 1.133785, 1.134414, 1.131488, 1.116217, 1.092325, 1.071985, 1.060835, 1.049244, 1.028312, 1.001209, 0.979649, 0.968229, 0.963953, 0.963953, 0.968229, 0.979649, 1.001209, 1.028312, 1.049244, 1.060835, 1.071985, 1.092325, 1.116217, 1.131488, 1.134414, 1.133785, 1.137936, 1.145483, 1.151770, 
1.136619, 1.136665, 1.136721, 1.136294, 1.134070, 1.128305, 1.118358, 1.105331, 1.091126, 1.078139, 1.067959, 1.059726, 1.052054, 1.044653, 1.037869, 1.032477, 1.029459, 1.029459, 1.032477, 1.037869, 1.044653, 1.052054, 1.059726, 1.067959, 1.078139, 1.091126, 1.105331, 1.118358, 1.128305, 1.134070, 1.136294, 1.136721, 1.136665, 
1.118009, 1.117496, 1.115968, 1.113473, 1.110103, 1.105990, 1.101287, 1.096155, 1.090788, 1.085425, 1.080311, 1.075629, 1.071493, 1.067987, 1.065215, 1.063288, 1.062298, 1.062298, 1.063288, 1.065215, 1.067987, 1.071493, 1.075629, 1.080311, 1.085425, 1.090788, 1.096155, 1.101287, 1.105990, 1.110103, 1.113473, 1.115968, 1.117496, 
]

shear force:
[1.420643, 1.421034, 1.422208, 1.424172, 1.426909, 1.430355, 1.434359, 1.438679, 1.443012, 1.447072, 1.450652, 1.453658, 1.456090, 1.457991, 1.459401, 1.460342, 1.460814, 1.460814, 1.460342, 1.459401, 1.457991, 1.456090, 1.453658, 1.450652, 1.447072, 1.443012, 1.438679, 1.434359, 1.430355, 1.426909, 1.424172, 1.422208, 1.421034, 
1.398694, 1.399653, 1.402309, 1.406165, 1.410896, 1.416759, 1.424346, 1.433573, 1.443120, 1.451378, 1.457854, 1.463249, 1.468341, 1.473226, 1.477463, 1.480549, 1.482159, 1.482159, 1.480549, 1.477463, 1.473226, 1.468341, 1.463249, 1.457854, 1.451378, 1.443120, 1.433573, 1.424346, 1.416759, 1.410896, 1.406165, 1.402309, 1.399653, 
1.364901, 1.367356, 1.374522, 1.385418, 1.397524, 1.408081, 1.417977, 1.430536, 1.444505, 1.455667, 1.464589, 1.474332, 1.484509, 1.492854, 1.498533, 1.501953, 1.503573, 1.503573, 1.501953, 1.498533, 1.492854, 1.484509, 1.474332, 1.464589, 1.455667, 1.444505, 1.430536, 1.417977, 1.408081, 1.397524, 1.385418, 1.374522, 1.367356, 
1.343537, 1.347222, 1.356168, 1.368096, 1.384483, 1.402273, 1.415145, 1.429266, 1.446872, 1.459819, 1.472036, 1.486702, 1.498002, 1.505497, 1.511880, 1.517066, 1.519918, 1.519918, 1.517066, 1.511880, 1.505497, 1.498002, 1.486702, 1.472036, 1.459819, 1.446872, 1.429266, 1.415145, 1.402273, 1.384483, 1.368096, 1.356168, 1.347222, 
1.324735, 1.333474, 1.353594, 1.371403, 1.382911, 1.400686, 1.416108, 1.429641, 1.449697, 1.463622, 1.479789, 1.496340, 1.506861, 1.518406, 1.528689, 1.534621, 1.537148, 1.537148, 1.534621, 1.528689, 1.518406, 1.506861, 1.496340, 1.479789, 1.463622, 1.449697, 1.429641, 1.416108, 1.400686, 1.382911, 1.371403, 1.353594, 1.333474, 
1.388919, 1.398303, 1.401590, 1.402853, 1.400447, 1.405549, 1.419843, 1.431563, 1.452233, 1.467192, 1.486499, 1.502492, 1.515758, 1.530433, 1.537925, 1.543425, 1.547155, 1.547155, 1.543425, 1.537925, 1.530433, 1.515758, 1.502492, 1.486499, 1.467192, 1.452233, 1.431563, 1.419843, 1.405549, 1.400447, 1.402853, 1.401590, 1.398303, 
1.649466, 1.674558, 1.587771, 1.483603, 1.434491, 1.417409, 1.424091, 1.434674, 1.453753, 1.470649, 1.490792, 1.507112, 1.523581, 1.536862, 1.545929, 1.555715, 1.559033, 1.559033, 1.555715, 1.545929, 1.536862, 1.523581, 1.507112, 1.490792, 1.470649, 1.453753, 1.434674, 1.424091, 1.417409, 1.434491, 1.483603, 1.587771, 1.674558, 
2.371208, 2.399166, 1.937376, 1.599541, 1.470218, 1.431025, 1.426924, 1.437828, 1.454151, 1.473492, 1.492628, 1.510883, 1.527517, 1.540756, 1.552081, 1.558871, 1.560576, 1.560576, 1.558871, 1.552081, 1.540756, 1.527517, 1.510883, 1.492628, 1.473492, 1.454151, 1.437828, 1.426924, 1.431025, 1.470218, 1.599541, 1.937376, 2.399166, 
2.996476, 2.995504, 2.168732, 1.660922, 1.485984, 1.437152, 1.427837, 1.439202, 1.454118, 1.474640, 1.493037, 1.512431, 1.528447, 1.542700, 1.554053, 1.560535, 1.567650, 1.567650, 1.560535, 1.554053, 1.542700, 1.528447, 1.512431, 1.493037, 1.474640, 1.454118, 1.439202, 1.427837, 1.437152, 1.485984, 1.660922, 2.168732, 2.995504, 
2.371208, 2.399166, 1.937376, 1.599541, 1.470218, 1.431025, 1.426924, 1.437828, 1.454151, 1.473492, 1.492628, 1.510883, 1.527517, 1.540756, 1.552081, 1.558871, 1.560576, 1.560576, 1.558871, 1.552081, 1.540756, 1.527517, 1.510883, 1.492628, 1.473492, 1.454151, 1.437828, 1.426924, 1.431025, 1.470218, 1.599541, 1.937376, 2.399166, 
1.649466, 1.674558, 1.587771, 1.483603, 1.434491, 1.417409, 1.424091, 1.434674, 1.453753, 1.470649, 1.490792, 1.507112, 1.523581, 1.536862, 1.545929, 1.555715, 1.559033, 1.559033, 1.555715, 1.545929, 1.536862, 1.523581, 1.507112, 1.490792, 1.470649, 1.453753, 1.434674, 1.424091, 1.417409, 1.434491, 1.483603, 1.587771, 1.674558, 
1.388919, 1.398303, 1.401590, 1.402853, 1.400447, 1.405549, 1.419843, 1.431563, 1.452233, 1.467192, 1.486499, 1.502492, 1.515758, 1.530433, 1.537925, 1.543425, 1.547155, 1.547155, 1.543425, 1.537925, 1.530433, 1.515758, 1.502492, 1.486499, 1.467192, 1.452233, 1.431563, 1.419843, 1.405549, 1.400447, 1.402853, 1.401590, 1.398303, 
1.324735, 1.333474, 1.353594, 1.371403, 1.382911, 1.400686, 1.416108, 1.429641, 1.449697, 1.463622, 1.479789, 1.496340, 1.506861, 1.518406, 1.528689, 1.534621, 1.537148, 1.537148, 1.534621, 1.528689, 1.518406, 1.506861, 1.496340, 1.479789, 1.463622, 1.449697, 1.429641, 1.416108, 1.400686, 1.382911, 1.371403, 1.353594, 1.333474, 
1.343537, 1.347222, 1.356168, 1.368096, 1.384483, 1.402273, 1.415145, 1.429266, 1.446872, 1.459819, 1.472036, 1.486702, 1.498002, 1.505497, 1.511880, 1.517066, 1.519918, 1.519918, 1.517066, 1.511880, 1.505497, 1.498002, 1.486702, 1.472036, 1.459819, 1.446872, 1.429266, 1.415145, 1.402273, 1.384483, 1.368096, 1.356168, 1.347222, 
1.364901, 1.367356, 1.374522, 1.385418, 1.397524, 1.408081, 1.417977, 1.430536, 1.444505, 1.455667, 1.464589, 1.474332, 1.484509, 1.492854, 1.498533, 1.501953, 1.503573, 1.503573, 1.501953, 1.498533, 1.492854, 1.484509, 1.474332, 1.464589, 1.455667, 1.444505, 1.430536, 1.417977, 1.408081, 1.397524, 1.385418, 1.374522, 1.367356, 
1.398694, 1.399653, 1.402309, 1.406165, 1.410896, 1.416759, 1.424346, 1.433573, 1.443120, 1.451378, 1.457854, 1.463249, 1.468341, 1.473226, 1.477463, 1.480549, 1.482159, 1.482159, 1.480549, 1.477463, 1.473226, 1.468341, 1.463249, 1.457854, 1.451378, 1.443120, 1.433573, 1.424346, 1.416759, 1.410896, 1.406165, 1.402309, 1.399653, 
1.420643, 1.421034, 1.422208, 1.424172, 1.426909, 1.430355, 1.434359, 1.438679, 1.443012, 1.447072, 1.450652, 1.453658, 1.456090, 1.457991, 1.459401, 1.460342, 1.460814, 1.460814, 1.460342, 1.459401, 1.457991, 1.456090, 1.453658, 1.450652, 1.447072, 1.443012, 1.438679, 1.434359, 1.430355, 1.426909, 1.424172, 1.422208, 1.421034, 
]
perpendicular torque:

[2.769294, 2.767430, 2.761890, 2.752853, 2.740694, 2.726132, 2.710382, 2.695178, 2.682497, 2.674026, 2.670580, 2.671834, 2.676497, 2.682809, 2.689063, 2.693931, 2.696564, 2.696564, 2.693931, 2.689063, 2.682809, 2.676497, 2.671834, 2.670580, 2.674026, 2.682497, 2.695178, 2.710382, 2.726132, 2.740694, 2.752853, 2.761890, 2.767430, 
2.823371, 2.814657, 2.790966, 2.758373, 2.723030, 2.687266, 2.649643, 2.610860, 2.579128, 2.566232, 2.576548, 2.602431, 2.631718, 2.656649, 2.675193, 2.687613, 2.693964, 2.693964, 2.687613, 2.675193, 2.656649, 2.631718, 2.602431, 2.576548, 2.566232, 2.579128, 2.610860, 2.649643, 2.687266, 2.723030, 2.758373, 2.790966, 2.814657, 
3.059708, 3.029756, 2.945584, 2.823944, 2.692339, 2.581741, 2.503310, 2.441217, 2.392049, 2.381482, 2.416757, 2.468349, 2.516493, 2.565221, 2.616103, 2.659099, 2.683293, 2.683293, 2.659099, 2.616103, 2.565221, 2.516493, 2.468349, 2.416757, 2.381482, 2.392049, 2.441217, 2.503310, 2.581741, 2.692339, 2.823944, 2.945584, 3.029756, 
3.406877, 3.336726, 3.158261, 2.930720, 2.687914, 2.457533, 2.290667, 2.191908, 2.126798, 2.124283, 2.190878, 2.274115, 2.372653, 2.491600, 2.596431, 2.665700, 2.699430, 2.699430, 2.665700, 2.596431, 2.491600, 2.372653, 2.274115, 2.190878, 2.124283, 2.126798, 2.191908, 2.290667, 2.457533, 2.687914, 2.930720, 3.158261, 3.336726, 
4.271216, 4.059629, 3.562138, 3.034466, 2.621311, 2.291538, 2.027541, 1.873054, 1.792025, 1.804866, 1.912489, 2.050396, 2.229103, 2.402846, 2.532262, 2.630654, 2.687468, 2.687468, 2.630654, 2.532262, 2.402846, 2.229103, 2.050396, 1.912489, 1.804866, 1.792025, 1.873054, 2.027541, 2.291538, 2.621311, 3.034466, 3.562138, 4.059629, 
5.872143, 5.292846, 4.152244, 3.149703, 2.481507, 2.051955, 1.720730, 1.499520, 1.398497, 1.437279, 1.602670, 1.822530, 2.079318, 2.300791, 2.494810, 2.642711, 2.710363, 2.710363, 2.642711, 2.494810, 2.300791, 2.079318, 1.822530, 1.602670, 1.437279, 1.398497, 1.499520, 1.720730, 2.051955, 2.481507, 3.149703, 4.152244, 5.292846, 
9.392430, 7.407506, 4.563487, 2.997558, 2.225253, 1.755681, 1.387802, 1.094994, 0.958883, 1.042240, 1.295734, 1.615276, 1.939842, 2.222917, 2.462723, 2.610961, 2.689971, 2.689971, 2.610961, 2.462723, 2.222917, 1.939842, 1.615276, 1.295734, 1.042240, 0.958883, 1.094994, 1.387802, 1.755681, 2.225253, 2.997558, 4.563487, 7.407506, 
11.921266, 8.157886, 3.824713, 2.360720, 1.850475, 1.474656, 1.090435, 0.710049, 0.487906, 0.665209, 1.049468, 1.461818, 1.843039, 2.174750, 2.434149, 2.615177, 2.721888, 2.721888, 2.615177, 2.434149, 2.174750, 1.843039, 1.461818, 1.049468, 0.665209, 0.487906, 0.710049, 1.090435, 1.474656, 1.850475, 2.360720, 3.824713, 8.157886, 
2.467852, 1.922951, 1.767021, 1.779397, 1.631548, 1.348770, 0.959393, 0.510837, 0.026582, 0.466810, 0.949672, 1.403658, 1.809216, 2.155889, 2.421622, 2.612820, 2.687272, 2.687272, 2.612820, 2.421622, 2.155889, 1.809216, 1.403658, 0.949672, 0.466810, 0.026582, 0.510837, 0.959393, 1.348770, 1.631548, 1.779397, 1.767021, 1.922951, 
11.921266, 8.157886, 3.824713, 2.360720, 1.850475, 1.474656, 1.090435, 0.710049, 0.487906, 0.665209, 1.049468, 1.461818, 1.843039, 2.174750, 2.434149, 2.615177, 2.721888, 2.721888, 2.615177, 2.434149, 2.174750, 1.843039, 1.461818, 1.049468, 0.665209, 0.487906, 0.710049, 1.090435, 1.474656, 1.850475, 2.360720, 3.824713, 8.157886, 
9.392430, 7.407506, 4.563487, 2.997558, 2.225253, 1.755681, 1.387802, 1.094994, 0.958883, 1.042240, 1.295734, 1.615276, 1.939842, 2.222917, 2.462723, 2.610961, 2.689971, 2.689971, 2.610961, 2.462723, 2.222917, 1.939842, 1.615276, 1.295734, 1.042240, 0.958883, 1.094994, 1.387802, 1.755681, 2.225253, 2.997558, 4.563487, 7.407506, 
5.872143, 5.292846, 4.152244, 3.149703, 2.481507, 2.051955, 1.720730, 1.499520, 1.398497, 1.437279, 1.602670, 1.822530, 2.079318, 2.300791, 2.494810, 2.642711, 2.710363, 2.710363, 2.642711, 2.494810, 2.300791, 2.079318, 1.822530, 1.602670, 1.437279, 1.398497, 1.499520, 1.720730, 2.051955, 2.481507, 3.149703, 4.152244, 5.292846, 
4.271216, 4.059629, 3.562138, 3.034466, 2.621311, 2.291538, 2.027541, 1.873054, 1.792025, 1.804866, 1.912489, 2.050396, 2.229103, 2.402846, 2.532262, 2.630654, 2.687468, 2.687468, 2.630654, 2.532262, 2.402846, 2.229103, 2.050396, 1.912489, 1.804866, 1.792025, 1.873054, 2.027541, 2.291538, 2.621311, 3.034466, 3.562138, 4.059629, 
3.406877, 3.336726, 3.158261, 2.930720, 2.687914, 2.457533, 2.290667, 2.191908, 2.126798, 2.124283, 2.190878, 2.274115, 2.372653, 2.491600, 2.596431, 2.665700, 2.699430, 2.699430, 2.665700, 2.596431, 2.491600, 2.372653, 2.274115, 2.190878, 2.124283, 2.126798, 2.191908, 2.290667, 2.457533, 2.687914, 2.930720, 3.158261, 3.336726, 
3.059708, 3.029756, 2.945584, 2.823944, 2.692339, 2.581741, 2.503310, 2.441217, 2.392049, 2.381482, 2.416757, 2.468349, 2.516493, 2.565221, 2.616103, 2.659099, 2.683293, 2.683293, 2.659099, 2.616103, 2.565221, 2.516493, 2.468349, 2.416757, 2.381482, 2.392049, 2.441217, 2.503310, 2.581741, 2.692339, 2.823944, 2.945584, 3.029756, 
2.823371, 2.814657, 2.790966, 2.758373, 2.723030, 2.687266, 2.649643, 2.610860, 2.579128, 2.566232, 2.576548, 2.602431, 2.631718, 2.656649, 2.675193, 2.687613, 2.693964, 2.693964, 2.687613, 2.675193, 2.656649, 2.631718, 2.602431, 2.576548, 2.566232, 2.579128, 2.610860, 2.649643, 2.687266, 2.723030, 2.758373, 2.790966, 2.814657, 
2.769294, 2.767430, 2.761890, 2.752853, 2.740694, 2.726132, 2.710382, 2.695178, 2.682497, 2.674026, 2.670580, 2.671834, 2.676497, 2.682809, 2.689063, 2.693931, 2.696564, 2.696564, 2.693931, 2.689063, 2.682809, 2.676497, 2.671834, 2.670580, 2.674026, 2.682497, 2.695178, 2.710382, 2.726132, 2.740694, 2.752853, 2.761890, 2.767430, 
]

parallel torque:

[2.931222, 2.932245, 2.935163, 2.939553, 2.944779, 2.950097, 2.954771, 2.958186, 2.959924, 2.959814, 2.957928, 2.954568, 2.950229, 2.945549, 2.941223, 2.937907, 2.936109, 2.936109, 2.937907, 2.941223, 2.945549, 2.950229, 2.954568, 2.957928, 2.959814, 2.959924, 2.958186, 2.954771, 2.950097, 2.944779, 2.939553, 2.935163, 2.932245, 
2.811369, 2.816756, 2.832127, 2.855245, 2.882761, 2.910639, 2.934740, 2.951651, 2.959452, 2.957753, 2.947082, 2.928612, 2.904547, 2.878329, 2.854049, 2.835502, 2.825494, 2.825494, 2.835502, 2.854049, 2.878329, 2.904547, 2.928612, 2.947082, 2.957753, 2.959452, 2.951651, 2.934740, 2.910639, 2.882761, 2.855245, 2.832127, 2.816756, 
2.603082, 2.616611, 2.654792, 2.711118, 2.776891, 2.843120, 2.900783, 2.941112, 2.958903, 2.954265, 2.928594, 2.883271, 2.823940, 2.760523, 2.702851, 2.658924, 2.635076, 2.635076, 2.658924, 2.702851, 2.760523, 2.823940, 2.883271, 2.928594, 2.954265, 2.958903, 2.941112, 2.900783, 2.843120, 2.776891, 2.711118, 2.654792, 2.616611, 
2.310136, 2.336407, 2.410102, 2.517312, 2.638818, 2.756175, 2.856475, 2.927436, 2.958336, 2.949919, 2.904391, 2.822904, 2.718764, 2.608278, 2.504310, 2.422506, 2.377695, 2.377695, 2.422506, 2.504310, 2.608278, 2.718764, 2.822904, 2.904391, 2.949919, 2.958336, 2.927436, 2.856475, 2.756175, 2.638818, 2.517312, 2.410102, 2.336407, 
1.944707, 1.989780, 2.112893, 2.286277, 2.479048, 2.660198, 2.808085, 2.912221, 2.957764, 2.945207, 2.877149, 2.756070, 2.603960, 2.435738, 2.275534, 2.155107, 2.091671, 2.091671, 2.155107, 2.275534, 2.435738, 2.603960, 2.756070, 2.877149, 2.945207, 2.957764, 2.912221, 2.808085, 2.660198, 2.479048, 2.286277, 2.112893, 1.989780, 
1.514915, 1.589599, 1.785785, 2.044838, 2.315527, 2.565002, 2.762013, 2.897539, 2.957235, 2.940670, 2.850572, 2.692492, 2.491344, 2.263368, 2.058830, 1.908375, 1.829406, 1.829406, 1.908375, 2.058830, 2.263368, 2.491344, 2.692492, 2.850572, 2.940670, 2.957235, 2.897539, 2.762013, 2.565002, 2.315527, 2.044838, 1.785785, 1.589599, 
1.038749, 1.163260, 1.460441, 1.822463, 2.173363, 2.483167, 2.723947, 2.885375, 2.956811, 2.936911, 2.828426, 2.640151, 2.395025, 2.122859, 1.888589, 1.725256, 1.654372, 1.654372, 1.725256, 1.888589, 2.122859, 2.395025, 2.640151, 2.828426, 2.936911, 2.956811, 2.885375, 2.723947, 2.483167, 2.173363, 1.822463, 1.460441, 1.163260, 
0.526044, 0.763446, 1.202459, 1.658735, 2.075520, 2.427723, 2.698804, 2.877345, 2.956535, 2.934458, 2.813755, 2.605644, 2.330485, 2.033206, 1.782535, 1.619745, 1.375342, 1.375342, 1.619745, 1.782535, 2.033206, 2.330485, 2.605644, 2.813755, 2.934458, 2.956535, 2.877345, 2.698804, 2.427723, 2.075520, 1.658735, 1.202459, 0.763446, 
0.000000, 0.558766, 1.099373, 1.597781, 2.040414, 2.408098, 2.690015, 2.874538, 2.956438, 2.933613, 2.808611, 2.593598, 2.307860, 2.002448, 1.748607, 1.561578, 0.810401, 0.810401, 1.561578, 1.748607, 2.002448, 2.307860, 2.593598, 2.808611, 2.933613, 2.956438, 2.874538, 2.690015, 2.408098, 2.040414, 1.597781, 1.099373, 0.558766, 
0.526044, 0.763446, 1.202459, 1.658735, 2.075520, 2.427723, 2.698804, 2.877345, 2.956535, 2.934458, 2.813755, 2.605644, 2.330485, 2.033206, 1.782535, 1.619745, 1.375342, 1.375342, 1.619745, 1.782535, 2.033206, 2.330485, 2.605644, 2.813755, 2.934458, 2.956535, 2.877345, 2.698804, 2.427723, 2.075520, 1.658735, 1.202459, 0.763446, 
1.038749, 1.163260, 1.460441, 1.822463, 2.173363, 2.483167, 2.723947, 2.885375, 2.956811, 2.936911, 2.828426, 2.640151, 2.395025, 2.122859, 1.888589, 1.725256, 1.654372, 1.654372, 1.725256, 1.888589, 2.122859, 2.395025, 2.640151, 2.828426, 2.936911, 2.956811, 2.885375, 2.723947, 2.483167, 2.173363, 1.822463, 1.460441, 1.163260, 
1.514915, 1.589599, 1.785785, 2.044838, 2.315527, 2.565002, 2.762013, 2.897539, 2.957235, 2.940670, 2.850572, 2.692492, 2.491344, 2.263368, 2.058830, 1.908375, 1.829406, 1.829406, 1.908375, 2.058830, 2.263368, 2.491344, 2.692492, 2.850572, 2.940670, 2.957235, 2.897539, 2.762013, 2.565002, 2.315527, 2.044838, 1.785785, 1.589599, 
1.944707, 1.989780, 2.112893, 2.286277, 2.479048, 2.660198, 2.808085, 2.912221, 2.957764, 2.945207, 2.877149, 2.756070, 2.603960, 2.435738, 2.275534, 2.155107, 2.091671, 2.091671, 2.155107, 2.275534, 2.435738, 2.603960, 2.756070, 2.877149, 2.945207, 2.957764, 2.912221, 2.808085, 2.660198, 2.479048, 2.286277, 2.112893, 1.989780, 
2.310136, 2.336407, 2.410102, 2.517312, 2.638818, 2.756175, 2.856475, 2.927436, 2.958336, 2.949919, 2.904391, 2.822904, 2.718764, 2.608278, 2.504310, 2.422506, 2.377695, 2.377695, 2.422506, 2.504310, 2.608278, 2.718764, 2.822904, 2.904391, 2.949919, 2.958336, 2.927436, 2.856475, 2.756175, 2.638818, 2.517312, 2.410102, 2.336407, 
2.603082, 2.616611, 2.654792, 2.711118, 2.776891, 2.843120, 2.900783, 2.941112, 2.958903, 2.954265, 2.928594, 2.883271, 2.823940, 2.760523, 2.702851, 2.658924, 2.635076, 2.635076, 2.658924, 2.702851, 2.760523, 2.823940, 2.883271, 2.928594, 2.954265, 2.958903, 2.941112, 2.900783, 2.843120, 2.776891, 2.711118, 2.654792, 2.616611, 
2.811369, 2.816756, 2.832127, 2.855245, 2.882761, 2.910639, 2.934740, 2.951651, 2.959452, 2.957753, 2.947082, 2.928612, 2.904547, 2.878329, 2.854049, 2.835502, 2.825494, 2.825494, 2.835502, 2.854049, 2.878329, 2.904547, 2.928612, 2.947082, 2.957753, 2.959452, 2.951651, 2.934740, 2.910639, 2.882761, 2.855245, 2.832127, 2.816756, 
2.931222, 2.932245, 2.935163, 2.939553, 2.944779, 2.950097, 2.954771, 2.958186, 2.959924, 2.959814, 2.957928, 2.954568, 2.950229, 2.945549, 2.941223, 2.937907, 2.936109, 2.936109, 2.937907, 2.941223, 2.945549, 2.950229, 2.954568, 2.957928, 2.959814, 2.959924, 2.958186, 2.954771, 2.950097, 2.944779, 2.939553, 2.935163, 2.932245, 
]

r = 0.05

attracting force:
[1.058873, 1.057980, 1.055426, 1.051564, 1.046868, 1.041639, 1.035701, 1.028531, 1.019941, 1.010643, 1.001891, 0.994549, 0.988680, 0.983964, 0.980234, 0.977588, 0.976207, 0.976207, 0.977588, 0.980234, 0.983964, 0.988680, 0.994549, 1.001891, 1.010643, 1.019941, 1.028531, 1.035701, 1.041639, 1.046868, 1.051564, 1.055426, 1.057980, 
1.078506, 1.080107, 1.084575, 1.089730, 1.089854, 1.079173, 1.060332, 1.040374, 1.018475, 0.996792, 0.982900, 0.973808, 0.966936, 0.964690, 0.964274, 0.962255, 0.959945, 0.959945, 0.962255, 0.964274, 0.964690, 0.966936, 0.973808, 0.982900, 0.996792, 1.018475, 1.040374, 1.060332, 1.079173, 1.089854, 1.089730, 1.084575, 1.080107, 
1.097571, 1.091608, 1.076897, 1.063371, 1.064399, 1.081410, 1.083773, 1.056763, 1.019436, 0.987331, 0.976310, 0.971612, 0.951901, 0.895488, 0.836896, 0.804149, 0.791669, 0.791669, 0.804149, 0.836896, 0.895488, 0.951901, 0.971612, 0.976310, 0.987331, 1.019436, 1.056763, 1.083773, 1.081410, 1.064399, 1.063371, 1.076897, 1.091608, 
1.131302, 1.139670, 1.153566, 1.139567, 1.090665, 1.064043, 1.080036, 1.068720, 1.023144, 0.983396, 0.974202, 0.943582, 0.842853, 0.788966, 0.807668, 0.839396, 0.852157, 0.852157, 0.839396, 0.807668, 0.788966, 0.842853, 0.943582, 0.974202, 0.983396, 1.023144, 1.068720, 1.080036, 1.064043, 1.090665, 1.139567, 1.153566, 1.139670, 
1.101294, 1.087812, 1.073332, 1.111419, 1.139054, 1.087645, 1.071073, 1.073054, 1.027025, 0.980965, 0.966506, 0.878714, 0.799223, 0.839319, 0.798702, 0.736909, 0.772091, 0.772091, 0.736909, 0.798702, 0.839319, 0.799223, 0.878714, 0.966506, 0.980965, 1.027025, 1.073054, 1.071073, 1.087645, 1.139054, 1.111419, 1.073332, 1.087812, 
1.177411, 1.193607, 1.173140, 1.095879, 1.117934, 1.115349, 1.072579, 1.073234, 1.029690, 0.978835, 0.952168, 0.830883, 0.818347, 0.765789, 0.803305, 1.239985, 1.637143, 1.637143, 1.239985, 0.803305, 0.765789, 0.818347, 0.830883, 0.952168, 0.978835, 1.029690, 1.073234, 1.072579, 1.115349, 1.117934, 1.095879, 1.173140, 1.193607, 
1.081107, 1.056329, 1.136732, 1.145080, 1.105335, 1.121012, 1.082034, 1.070877, 1.030906, 0.979435, 0.931182, 0.817644, 0.806677, 0.759339, 1.345592, 2.466743, 4.133322, 4.133322, 2.466743, 1.345592, 0.759339, 0.806677, 0.817644, 0.931182, 0.979435, 1.030906, 1.070877, 1.082034, 1.121012, 1.105335, 1.145080, 1.136732, 1.056329, 
1.269080, 1.194664, 1.124766, 1.138702, 1.121402, 1.111285, 1.093457, 1.067675, 1.031061, 0.983372, 0.909005, 0.830364, 0.757864, 0.903006, 1.868004, 5.526854, 17.195069, 17.195069, 5.526854, 1.868004, 0.903006, 0.757864, 0.830364, 0.909005, 0.983372, 1.031061, 1.067675, 1.093457, 1.111285, 1.121402, 1.138702, 1.124766, 1.194664, 
0.975327, 1.115830, 1.145825, 1.123807, 1.133398, 1.105029, 1.098644, 1.066204, 1.030968, 0.985903, 0.899042, 0.840733, 0.731152, 0.996196, 2.182267, 8.997273, 32.865206, 32.865206, 8.997273, 2.182267, 0.996196, 0.731152, 0.840733, 0.899042, 0.985903, 1.030968, 1.066204, 1.098644, 1.105029, 1.133398, 1.123807, 1.145825, 1.115830, 
1.269080, 1.194664, 1.124766, 1.138702, 1.121402, 1.111285, 1.093457, 1.067675, 1.031061, 0.983372, 0.909005, 0.830364, 0.757864, 0.903006, 1.868004, 5.526854, 17.195069, 17.195069, 5.526854, 1.868004, 0.903006, 0.757864, 0.830364, 0.909005, 0.983372, 1.031061, 1.067675, 1.093457, 1.111285, 1.121402, 1.138702, 1.124766, 1.194664, 
1.081107, 1.056329, 1.136732, 1.145080, 1.105335, 1.121012, 1.082034, 1.070877, 1.030906, 0.979435, 0.931182, 0.817644, 0.806677, 0.759339, 1.345592, 2.466743, 4.133322, 4.133322, 2.466743, 1.345592, 0.759339, 0.806677, 0.817644, 0.931182, 0.979435, 1.030906, 1.070877, 1.082034, 1.121012, 1.105335, 1.145080, 1.136732, 1.056329, 
1.177411, 1.193607, 1.173140, 1.095879, 1.117934, 1.115349, 1.072579, 1.073234, 1.029690, 0.978835, 0.952168, 0.830883, 0.818347, 0.765789, 0.803305, 1.239985, 1.637143, 1.637143, 1.239985, 0.803305, 0.765789, 0.818347, 0.830883, 0.952168, 0.978835, 1.029690, 1.073234, 1.072579, 1.115349, 1.117934, 1.095879, 1.173140, 1.193607, 
1.101294, 1.087812, 1.073332, 1.111419, 1.139054, 1.087645, 1.071073, 1.073054, 1.027025, 0.980965, 0.966506, 0.878714, 0.799223, 0.839319, 0.798702, 0.736909, 0.772091, 0.772091, 0.736909, 0.798702, 0.839319, 0.799223, 0.878714, 0.966506, 0.980965, 1.027025, 1.073054, 1.071073, 1.087645, 1.139054, 1.111419, 1.073332, 1.087812, 
1.131302, 1.139670, 1.153566, 1.139567, 1.090665, 1.064043, 1.080036, 1.068720, 1.023144, 0.983396, 0.974202, 0.943582, 0.842853, 0.788966, 0.807668, 0.839396, 0.852157, 0.852157, 0.839396, 0.807668, 0.788966, 0.842853, 0.943582, 0.974202, 0.983396, 1.023144, 1.068720, 1.080036, 1.064043, 1.090665, 1.139567, 1.153566, 1.139670, 
1.097571, 1.091608, 1.076897, 1.063371, 1.064399, 1.081410, 1.083773, 1.056763, 1.019436, 0.987331, 0.976310, 0.971612, 0.951901, 0.895488, 0.836896, 0.804149, 0.791669, 0.791669, 0.804149, 0.836896, 0.895488, 0.951901, 0.971612, 0.976310, 0.987331, 1.019436, 1.056763, 1.083773, 1.081410, 1.064399, 1.063371, 1.076897, 1.091608, 
1.078506, 1.080107, 1.084575, 1.089730, 1.089854, 1.079173, 1.060332, 1.040374, 1.018475, 0.996792, 0.982900, 0.973808, 0.966936, 0.964690, 0.964274, 0.962255, 0.959945, 0.959945, 0.962255, 0.964274, 0.964690, 0.966936, 0.973808, 0.982900, 0.996792, 1.018475, 1.040374, 1.060332, 1.079173, 1.089854, 1.089730, 1.084575, 1.080107, 
1.058873, 1.057980, 1.055426, 1.051564, 1.046868, 1.041639, 1.035701, 1.028531, 1.019941, 1.010643, 1.001891, 0.994549, 0.988680, 0.983964, 0.980234, 0.977588, 0.976207, 0.976207, 0.977588, 0.980234, 0.983964, 0.988680, 0.994549, 1.001891, 1.010643, 1.019941, 1.028531, 1.035701, 1.041639, 1.046868, 1.051564, 1.055426, 1.057980, 
]

shear force:

[1.448563, 1.448474, 1.448191, 1.447638, 1.446629, 1.444823, 1.441774, 1.437089, 1.430649, 1.422784, 1.414245, 1.405976, 1.398790, 1.393157, 1.389178, 1.386709, 1.385544, 1.385544, 1.386709, 1.389178, 1.393157, 1.398790, 1.405976, 1.414245, 1.422784, 1.430649, 1.437089, 1.441774, 1.444823, 1.446629, 1.447638, 1.448191, 1.448474, 
1.476360, 1.474766, 1.470235, 1.463670, 1.456783, 1.451449, 1.447902, 1.443274, 1.433328, 1.417134, 1.399303, 1.385991, 1.379184, 1.376198, 1.373797, 1.371123, 1.369225, 1.369225, 1.371123, 1.373797, 1.376198, 1.379184, 1.385991, 1.399303, 1.417134, 1.433328, 1.443274, 1.447902, 1.451449, 1.456783, 1.463670, 1.470235, 1.474766, 
1.509279, 1.508784, 1.506687, 1.500942, 1.489011, 1.471801, 1.456204, 1.447101, 1.436306, 1.414507, 1.391417, 1.379600, 1.370853, 1.353437, 1.331257, 1.313958, 1.305425, 1.305425, 1.313958, 1.331257, 1.353437, 1.370853, 1.379600, 1.391417, 1.414507, 1.436306, 1.447101, 1.456204, 1.471801, 1.489011, 1.500942, 1.506687, 1.508784, 
1.527459, 1.524770, 1.518169, 1.511394, 1.505722, 1.494569, 1.472310, 1.451958, 1.439701, 1.414337, 1.387957, 1.375829, 1.350760, 1.318415, 1.301971, 1.294840, 1.289332, 1.289332, 1.294840, 1.301971, 1.318415, 1.350760, 1.375829, 1.387957, 1.414337, 1.439701, 1.451958, 1.472310, 1.494569, 1.505722, 1.511394, 1.518169, 1.524770, 
1.557043, 1.556054, 1.550179, 1.536227, 1.517469, 1.504322, 1.488604, 1.458170, 1.443215, 1.415815, 1.387010, 1.373334, 1.336631, 1.320330, 1.302862, 1.262495, 1.231329, 1.231329, 1.262495, 1.302862, 1.320330, 1.336631, 1.373334, 1.387010, 1.415815, 1.443215, 1.458170, 1.488604, 1.504322, 1.517469, 1.536227, 1.550179, 1.556054, 
1.563348, 1.561056, 1.555597, 1.550427, 1.537138, 1.510466, 1.499456, 1.465036, 1.446409, 1.417805, 1.388344, 1.374643, 1.341548, 1.347496, 1.325263, 1.325391, 1.316588, 1.316588, 1.325391, 1.325263, 1.347496, 1.341548, 1.374643, 1.388344, 1.417805, 1.446409, 1.465036, 1.499456, 1.510466, 1.537138, 1.550427, 1.555597, 1.561056, 
1.588815, 1.586806, 1.575149, 1.556413, 1.548573, 1.519739, 1.504033, 1.471924, 1.448498, 1.419511, 1.392139, 1.377921, 1.363401, 1.402543, 1.493180, 1.677152, 1.662331, 1.662331, 1.677152, 1.493180, 1.402543, 1.363401, 1.377921, 1.392139, 1.419511, 1.448498, 1.471924, 1.504033, 1.519739, 1.548573, 1.556413, 1.575149, 1.586806, 
1.579579, 1.580484, 1.580077, 1.566291, 1.550032, 1.529266, 1.504262, 1.477833, 1.449055, 1.420724, 1.396580, 1.379865, 1.391587, 1.475241, 1.793460, 2.706662, 3.240817, 3.240817, 2.706662, 1.793460, 1.475241, 1.391587, 1.379865, 1.396580, 1.420724, 1.449055, 1.477833, 1.504262, 1.529266, 1.550032, 1.566291, 1.580077, 1.580484, 
1.605389, 1.594232, 1.581007, 1.571752, 1.549504, 1.533378, 1.503625, 1.480340, 1.448973, 1.421198, 1.398569, 1.380298, 1.405148, 1.511290, 1.984255, 3.682241, 4.971992, 4.971992, 3.682241, 1.984255, 1.511290, 1.405148, 1.380298, 1.398569, 1.421198, 1.448973, 1.480340, 1.503625, 1.533378, 1.549504, 1.571752, 1.581007, 1.594232, 
1.579579, 1.580484, 1.580077, 1.566291, 1.550032, 1.529266, 1.504262, 1.477833, 1.449055, 1.420724, 1.396580, 1.379865, 1.391587, 1.475241, 1.793460, 2.706662, 3.240817, 3.240817, 2.706662, 1.793460, 1.475241, 1.391587, 1.379865, 1.396580, 1.420724, 1.449055, 1.477833, 1.504262, 1.529266, 1.550032, 1.566291, 1.580077, 1.580484, 
1.588815, 1.586806, 1.575149, 1.556413, 1.548573, 1.519739, 1.504033, 1.471924, 1.448498, 1.419511, 1.392139, 1.377921, 1.363401, 1.402543, 1.493180, 1.677152, 1.662331, 1.662331, 1.677152, 1.493180, 1.402543, 1.363401, 1.377921, 1.392139, 1.419511, 1.448498, 1.471924, 1.504033, 1.519739, 1.548573, 1.556413, 1.575149, 1.586806, 
1.563348, 1.561056, 1.555597, 1.550427, 1.537138, 1.510466, 1.499456, 1.465036, 1.446409, 1.417805, 1.388344, 1.374643, 1.341548, 1.347496, 1.325263, 1.325391, 1.316588, 1.316588, 1.325391, 1.325263, 1.347496, 1.341548, 1.374643, 1.388344, 1.417805, 1.446409, 1.465036, 1.499456, 1.510466, 1.537138, 1.550427, 1.555597, 1.561056, 
1.557043, 1.556054, 1.550179, 1.536227, 1.517469, 1.504322, 1.488604, 1.458170, 1.443215, 1.415815, 1.387010, 1.373334, 1.336631, 1.320330, 1.302862, 1.262495, 1.231329, 1.231329, 1.262495, 1.302862, 1.320330, 1.336631, 1.373334, 1.387010, 1.415815, 1.443215, 1.458170, 1.488604, 1.504322, 1.517469, 1.536227, 1.550179, 1.556054, 
1.527459, 1.524770, 1.518169, 1.511394, 1.505722, 1.494569, 1.472310, 1.451958, 1.439701, 1.414337, 1.387957, 1.375829, 1.350760, 1.318415, 1.301971, 1.294840, 1.289332, 1.289332, 1.294840, 1.301971, 1.318415, 1.350760, 1.375829, 1.387957, 1.414337, 1.439701, 1.451958, 1.472310, 1.494569, 1.505722, 1.511394, 1.518169, 1.524770, 
1.509279, 1.508784, 1.506687, 1.500942, 1.489011, 1.471801, 1.456204, 1.447101, 1.436306, 1.414507, 1.391417, 1.379600, 1.370853, 1.353437, 1.331257, 1.313958, 1.305425, 1.305425, 1.313958, 1.331257, 1.353437, 1.370853, 1.379600, 1.391417, 1.414507, 1.436306, 1.447101, 1.456204, 1.471801, 1.489011, 1.500942, 1.506687, 1.508784, 
1.476360, 1.474766, 1.470235, 1.463670, 1.456783, 1.451449, 1.447902, 1.443274, 1.433328, 1.417134, 1.399303, 1.385991, 1.379184, 1.376198, 1.373797, 1.371123, 1.369225, 1.369225, 1.371123, 1.373797, 1.376198, 1.379184, 1.385991, 1.399303, 1.417134, 1.433328, 1.443274, 1.447902, 1.451449, 1.456783, 1.463670, 1.470235, 1.474766, 
1.448563, 1.448474, 1.448191, 1.447638, 1.446629, 1.444823, 1.441774, 1.437089, 1.430649, 1.422784, 1.414245, 1.405976, 1.398790, 1.393157, 1.389178, 1.386709, 1.385544, 1.385544, 1.386709, 1.389178, 1.393157, 1.398790, 1.405976, 1.414245, 1.422784, 1.430649, 1.437089, 1.441774, 1.444823, 1.446629, 1.447638, 1.448191, 1.448474, 
]

perpendicular torque:

[2.556730, 2.555023, 2.550117, 2.542706, 2.534078, 2.526146, 2.521209, 2.521350, 2.527652, 2.539704, 2.555734, 2.573295, 2.590065, 2.604378, 2.615340, 2.622643, 2.626270, 2.626270, 2.622643, 2.615340, 2.604378, 2.590065, 2.573295, 2.555734, 2.539704, 2.527652, 2.521350, 2.521209, 2.526146, 2.534078, 2.542706, 2.550117, 2.555023, 
2.564142, 2.561484, 2.553561, 2.539966, 2.519063, 2.489428, 2.454818, 2.428612, 2.427077, 2.452426, 2.490802, 2.527735, 2.558381, 2.586459, 2.615101, 2.640733, 2.656139, 2.656139, 2.640733, 2.615101, 2.586459, 2.558381, 2.527735, 2.490802, 2.452426, 2.427077, 2.428612, 2.454818, 2.489428, 2.519063, 2.539966, 2.553561, 2.561484, 
2.559047, 2.546378, 2.510777, 2.461655, 2.414711, 2.374566, 2.326441, 2.270014, 2.248629, 2.284649, 2.339152, 2.395384, 2.480422, 2.606488, 2.741817, 2.852560, 2.914588, 2.914588, 2.852560, 2.741817, 2.606488, 2.480422, 2.395384, 2.339152, 2.284649, 2.248629, 2.270014, 2.326441, 2.374566, 2.414711, 2.461655, 2.510777, 2.546378, 
2.585937, 2.570893, 2.524887, 2.440360, 2.318539, 2.207956, 2.132317, 2.047080, 1.996580, 2.041972, 2.111436, 2.222524, 2.432585, 2.678603, 2.920317, 3.138723, 3.279893, 3.279893, 3.138723, 2.920317, 2.678603, 2.432585, 2.222524, 2.111436, 2.041972, 1.996580, 2.047080, 2.132317, 2.207956, 2.318539, 2.440360, 2.524887, 2.570893, 
2.578540, 2.547524, 2.467658, 2.367437, 2.230901, 2.036669, 1.892032, 1.772182, 1.681311, 1.731316, 1.820130, 2.020192, 2.328415, 2.694657, 3.216734, 3.848911, 4.316111, 4.316111, 3.848911, 3.216734, 2.694657, 2.328415, 2.020192, 1.820130, 1.731316, 1.681311, 1.772182, 1.892032, 2.036669, 2.230901, 2.367437, 2.467658, 2.547524, 
2.610206, 2.580872, 2.483105, 2.294576, 2.115733, 1.878292, 1.631867, 1.459778, 1.315212, 1.363234, 1.482838, 1.763727, 2.130193, 2.689037, 3.687903, 5.135970, 6.447465, 6.447465, 5.135970, 3.687903, 2.689037, 2.130193, 1.763727, 1.482838, 1.363234, 1.315212, 1.459778, 1.631867, 1.878292, 2.115733, 2.294576, 2.483105, 2.580872, 
2.596142, 2.536944, 2.453866, 2.263130, 2.003772, 1.730870, 1.394156, 1.134089, 0.914656, 0.952029, 1.123669, 1.457816, 1.839467, 2.493529, 3.891676, 7.178933, 12.681008, 12.681008, 7.178933, 3.891676, 2.493529, 1.839467, 1.457816, 1.123669, 0.952029, 0.914656, 1.134089, 1.394156, 1.730870, 2.003772, 2.263130, 2.453866, 2.536944, 
2.640906, 2.581302, 2.428884, 2.238123, 1.941698, 1.614933, 1.223444, 0.847292, 0.511611, 0.518400, 0.797146, 1.168300, 1.509386, 1.954325, 3.023339, 8.279215, 21.438156, 21.438156, 8.279215, 3.023339, 1.954325, 1.509386, 1.168300, 0.797146, 0.518400, 0.511611, 0.847292, 1.223444, 1.614933, 1.941698, 2.238123, 2.428884, 2.581302, 
2.553905, 2.573353, 2.425070, 2.217783, 1.922909, 1.570059, 1.160710, 0.717970, 0.256074, 0.206416, 0.644296, 1.036687, 1.339157, 1.507266, 1.472432, 1.397318, 3.706825, 3.706825, 1.397318, 1.472432, 1.507266, 1.339157, 1.036687, 0.644296, 0.206416, 0.256074, 0.717970, 1.160710, 1.570059, 1.922909, 2.217783, 2.425070, 2.573353, 
2.640906, 2.581302, 2.428884, 2.238123, 1.941698, 1.614933, 1.223444, 0.847292, 0.511611, 0.518400, 0.797146, 1.168300, 1.509386, 1.954325, 3.023339, 8.279215, 21.438156, 21.438156, 8.279215, 3.023339, 1.954325, 1.509386, 1.168300, 0.797146, 0.518400, 0.511611, 0.847292, 1.223444, 1.614933, 1.941698, 2.238123, 2.428884, 2.581302, 
2.596142, 2.536944, 2.453866, 2.263130, 2.003772, 1.730870, 1.394156, 1.134089, 0.914656, 0.952029, 1.123669, 1.457816, 1.839467, 2.493529, 3.891676, 7.178933, 12.681008, 12.681008, 7.178933, 3.891676, 2.493529, 1.839467, 1.457816, 1.123669, 0.952029, 0.914656, 1.134089, 1.394156, 1.730870, 2.003772, 2.263130, 2.453866, 2.536944, 
2.610206, 2.580872, 2.483105, 2.294576, 2.115733, 1.878292, 1.631867, 1.459778, 1.315212, 1.363234, 1.482838, 1.763727, 2.130193, 2.689037, 3.687903, 5.135970, 6.447465, 6.447465, 5.135970, 3.687903, 2.689037, 2.130193, 1.763727, 1.482838, 1.363234, 1.315212, 1.459778, 1.631867, 1.878292, 2.115733, 2.294576, 2.483105, 2.580872, 
2.578540, 2.547524, 2.467658, 2.367437, 2.230901, 2.036669, 1.892032, 1.772182, 1.681311, 1.731316, 1.820130, 2.020192, 2.328415, 2.694657, 3.216734, 3.848911, 4.316111, 4.316111, 3.848911, 3.216734, 2.694657, 2.328415, 2.020192, 1.820130, 1.731316, 1.681311, 1.772182, 1.892032, 2.036669, 2.230901, 2.367437, 2.467658, 2.547524, 
2.585937, 2.570893, 2.524887, 2.440360, 2.318539, 2.207956, 2.132317, 2.047080, 1.996580, 2.041972, 2.111436, 2.222524, 2.432585, 2.678603, 2.920317, 3.138723, 3.279893, 3.279893, 3.138723, 2.920317, 2.678603, 2.432585, 2.222524, 2.111436, 2.041972, 1.996580, 2.047080, 2.132317, 2.207956, 2.318539, 2.440360, 2.524887, 2.570893, 
2.559047, 2.546378, 2.510777, 2.461655, 2.414711, 2.374566, 2.326441, 2.270014, 2.248629, 2.284649, 2.339152, 2.395384, 2.480422, 2.606488, 2.741817, 2.852560, 2.914588, 2.914588, 2.852560, 2.741817, 2.606488, 2.480422, 2.395384, 2.339152, 2.284649, 2.248629, 2.270014, 2.326441, 2.374566, 2.414711, 2.461655, 2.510777, 2.546378, 
2.564142, 2.561484, 2.553561, 2.539966, 2.519063, 2.489428, 2.454818, 2.428612, 2.427077, 2.452426, 2.490802, 2.527735, 2.558381, 2.586459, 2.615101, 2.640733, 2.656139, 2.656139, 2.640733, 2.615101, 2.586459, 2.558381, 2.527735, 2.490802, 2.452426, 2.427077, 2.428612, 2.454818, 2.489428, 2.519063, 2.539966, 2.553561, 2.561484, 
2.556730, 2.555023, 2.550117, 2.542706, 2.534078, 2.526146, 2.521209, 2.521350, 2.527652, 2.539704, 2.555734, 2.573295, 2.590065, 2.604378, 2.615340, 2.622643, 2.626270, 2.626270, 2.622643, 2.615340, 2.604378, 2.590065, 2.573295, 2.555734, 2.539704, 2.527652, 2.521350, 2.521209, 2.526146, 2.534078, 2.542706, 2.550117, 2.555023, 
]

parallel torque:

[2.922342, 2.923213, 2.925680, 2.929331, 2.933580, 2.937781, 2.941337, 2.943777, 2.944767, 2.944122, 2.941821, 2.938060, 2.933274, 2.928113, 2.923334, 2.919667, 2.917679, 2.917679, 2.919667, 2.923334, 2.928113, 2.933274, 2.938060, 2.941821, 2.944122, 2.944767, 2.943777, 2.941337, 2.937781, 2.933580, 2.929331, 2.925680, 2.923213, 
2.810550, 2.815716, 2.830532, 2.852872, 2.879086, 2.904479, 2.924849, 2.938094, 2.943909, 2.941821, 2.930617, 2.910248, 2.883379, 2.854564, 2.828453, 2.808809, 2.798281, 2.798281, 2.808809, 2.828453, 2.854564, 2.883379, 2.910248, 2.930617, 2.941821, 2.943909, 2.938094, 2.924849, 2.904479, 2.879086, 2.852872, 2.830532, 2.815716, 
2.623642, 2.635183, 2.667858, 2.717245, 2.778248, 2.842583, 2.896390, 2.929330, 2.942863, 2.938720, 2.911022, 2.859618, 2.795288, 2.728998, 2.668194, 2.620649, 2.594372, 2.594372, 2.620649, 2.668194, 2.728998, 2.795288, 2.859618, 2.911022, 2.938720, 2.942863, 2.929330, 2.896390, 2.842583, 2.778248, 2.717245, 2.667858, 2.635183, 
2.368744, 2.391574, 2.456339, 2.549249, 2.652111, 2.758108, 2.856204, 2.918656, 2.942050, 2.934741, 2.883489, 2.793447, 2.685386, 2.566464, 2.449072, 2.355759, 2.304570, 2.304570, 2.355759, 2.449072, 2.566464, 2.685386, 2.793447, 2.883489, 2.934741, 2.942050, 2.918656, 2.856204, 2.758108, 2.652111, 2.549249, 2.456339, 2.391574, 
2.108037, 2.133898, 2.214037, 2.351459, 2.517573, 2.670014, 2.808920, 2.906412, 2.941614, 2.929866, 2.852349, 2.724061, 2.562253, 2.369922, 2.182928, 2.033490, 1.947614, 1.947614, 2.033490, 2.182928, 2.369922, 2.562253, 2.724061, 2.852349, 2.929866, 2.941614, 2.906412, 2.808920, 2.670014, 2.517573, 2.351459, 2.214037, 2.133898, 
1.908040, 1.935082, 2.021015, 2.164668, 2.377004, 2.589304, 2.764065, 2.893442, 2.941723, 2.924506, 2.823276, 2.658041, 2.433943, 2.168189, 1.903741, 1.668043, 1.525278, 1.525278, 1.668043, 1.903741, 2.168189, 2.433943, 2.658041, 2.823276, 2.924506, 2.941723, 2.893442, 2.764065, 2.589304, 2.377004, 2.164668, 2.021015, 1.935082, 
1.954935, 1.903768, 1.902628, 2.037899, 2.259931, 2.519218, 2.729380, 2.881367, 2.942524, 2.919317, 2.800462, 2.601127, 2.323074, 1.992248, 1.631981, 1.289140, 1.068227, 1.068227, 1.289140, 1.631981, 1.992248, 2.323074, 2.601127, 2.800462, 2.919317, 2.942524, 2.881367, 2.729380, 2.519218, 2.259931, 2.037899, 1.902628, 1.903768, 
1.928315, 2.041255, 1.897594, 1.960011, 2.191127, 2.469279, 2.708303, 2.872460, 2.943664, 2.915314, 2.786237, 2.561830, 2.249351, 1.865379, 1.424970, 0.971021, 0.592054, 0.592054, 0.971021, 1.424970, 1.865379, 2.249351, 2.561830, 2.786237, 2.915314, 2.943664, 2.872460, 2.708303, 2.469279, 2.191127, 1.960011, 1.897594, 2.041255, 
0.000000, 1.957889, 1.934663, 1.932782, 2.169504, 2.451020, 2.701343, 2.869124, 2.944224, 2.913768, 2.781453, 2.547744, 2.223557, 1.818376, 1.347876, 0.830604, 0.275870, 0.275870, 0.830604, 1.347876, 1.818376, 2.223557, 2.547744, 2.781453, 2.913768, 2.944224, 2.869124, 2.701343, 2.451020, 2.169504, 1.932782, 1.934663, 1.957889, 
1.928315, 2.041255, 1.897594, 1.960011, 2.191127, 2.469279, 2.708303, 2.872460, 2.943664, 2.915314, 2.786237, 2.561830, 2.249351, 1.865379, 1.424970, 0.971021, 0.592054, 0.592054, 0.971021, 1.424970, 1.865379, 2.249351, 2.561830, 2.786237, 2.915314, 2.943664, 2.872460, 2.708303, 2.469279, 2.191127, 1.960011, 1.897594, 2.041255, 
1.954935, 1.903768, 1.902628, 2.037899, 2.259931, 2.519218, 2.729380, 2.881367, 2.942524, 2.919317, 2.800462, 2.601127, 2.323074, 1.992248, 1.631981, 1.289140, 1.068227, 1.068227, 1.289140, 1.631981, 1.992248, 2.323074, 2.601127, 2.800462, 2.919317, 2.942524, 2.881367, 2.729380, 2.519218, 2.259931, 2.037899, 1.902628, 1.903768, 
1.908040, 1.935082, 2.021015, 2.164668, 2.377004, 2.589304, 2.764065, 2.893442, 2.941723, 2.924506, 2.823276, 2.658041, 2.433943, 2.168189, 1.903741, 1.668043, 1.525278, 1.525278, 1.668043, 1.903741, 2.168189, 2.433943, 2.658041, 2.823276, 2.924506, 2.941723, 2.893442, 2.764065, 2.589304, 2.377004, 2.164668, 2.021015, 1.935082, 
2.108037, 2.133898, 2.214037, 2.351459, 2.517573, 2.670014, 2.808920, 2.906412, 2.941614, 2.929866, 2.852349, 2.724061, 2.562253, 2.369922, 2.182928, 2.033490, 1.947614, 1.947614, 2.033490, 2.182928, 2.369922, 2.562253, 2.724061, 2.852349, 2.929866, 2.941614, 2.906412, 2.808920, 2.670014, 2.517573, 2.351459, 2.214037, 2.133898, 
2.368744, 2.391574, 2.456339, 2.549249, 2.652111, 2.758108, 2.856204, 2.918656, 2.942050, 2.934741, 2.883489, 2.793447, 2.685386, 2.566464, 2.449072, 2.355759, 2.304570, 2.304570, 2.355759, 2.449072, 2.566464, 2.685386, 2.793447, 2.883489, 2.934741, 2.942050, 2.918656, 2.856204, 2.758108, 2.652111, 2.549249, 2.456339, 2.391574, 
2.623642, 2.635183, 2.667858, 2.717245, 2.778248, 2.842583, 2.896390, 2.929330, 2.942863, 2.938720, 2.911022, 2.859618, 2.795288, 2.728998, 2.668194, 2.620649, 2.594372, 2.594372, 2.620649, 2.668194, 2.728998, 2.795288, 2.859618, 2.911022, 2.938720, 2.942863, 2.929330, 2.896390, 2.842583, 2.778248, 2.717245, 2.667858, 2.635183, 
2.810550, 2.815716, 2.830532, 2.852872, 2.879086, 2.904479, 2.924849, 2.938094, 2.943909, 2.941821, 2.930617, 2.910248, 2.883379, 2.854564, 2.828453, 2.808809, 2.798281, 2.798281, 2.808809, 2.828453, 2.854564, 2.883379, 2.910248, 2.930617, 2.941821, 2.943909, 2.938094, 2.924849, 2.904479, 2.879086, 2.852872, 2.830532, 2.815716, 
2.922342, 2.923213, 2.925680, 2.929331, 2.933580, 2.937781, 2.941337, 2.943777, 2.944767, 2.944122, 2.941821, 2.938060, 2.933274, 2.928113, 2.923334, 2.919667, 2.917679, 2.917679, 2.919667, 2.923334, 2.928113, 2.933274, 2.938060, 2.941821, 2.944122, 2.944767, 2.943777, 2.941337, 2.937781, 2.933580, 2.929331, 2.925680, 2.923213, 


]
r = 0.001 p = 16
p1 velocity:  0.760101
p2 velocity:  0.792555


r = 0.001 p = 20
p1 velociy:  0.786996

p2 velocity: -0.764161

r= 0.0001
p = 20
p1 velocity: -0.786952
p2 vloecity: -0.764222

r = 0.00001
p = 24
p1 velocity: -0.783521
p2 velocity: -0.767024

